 &file_input_ray_init_list
  n_rays_in= 11,
  rvec_in =
  -0.025 ,  -0.1 ,  3.3
  -0.02 ,  -0.1 ,  3.3
  -0.015 ,  -0.1 ,  3.3
  -0.01 ,  -0.1 ,  3.3
  -0.005 ,  -0.1 ,  3.3
  0.0 ,  -0.1 ,  3.3
  0.005 ,  -0.1 ,  3.3
  0.01 ,  -0.1 ,  3.3
  0.015 ,  -0.1 ,  3.3
  0.02 ,  -0.1 ,  3.3
  0.025 ,  -0.1 ,  3.3
  rindex_vec_in =
  0.0 ,  0.8241261886220157 ,  -0.5664062369248328
  0.0 ,  0.8241261886220157 ,  -0.5664062369248328
  0.0 ,  0.8241261886220157 ,  -0.5664062369248328
  0.0 ,  0.8241261886220157 ,  -0.5664062369248328
  0.0 ,  0.8241261886220157 ,  -0.5664062369248328
  0.0 ,  0.8241261886220157 ,  -0.5664062369248328
  0.0 ,  0.8241261886220157 ,  -0.5664062369248328
  0.0 ,  0.8241261886220157 ,  -0.5664062369248328
  0.0 ,  0.8241261886220157 ,  -0.5664062369248328
  0.0 ,  0.8241261886220157 ,  -0.5664062369248328
  0.0 ,  0.8241261886220157 ,  -0.5664062369248328
/



