 &file_input_ray_init_list
  n_rays_in= 11,
  rvec_in = 0.0, -0.1, 3.3,
  0.0, -0.1, 3.3,
  0.0, -0.1, 3.3,
  0.0, -0.1, 3.3,
  0.0, -0.1, 3.3,
  0.0, -0.1, 3.3,
  0.0, -0.1, 3.3,
  0.0, -0.1, 3.3,
  0.0, -0.1, 3.3,
  0.0, -0.1, 3.3,
  0.0, -0.1, 3.3,
  rindex_vec_in =
  0.0 ,  0.848048096156426 ,  -0.5299192642332049
  0.0 ,  0.8433914458128857 ,  -0.5372996083468239
  0.0 ,  0.838670567945424 ,  -0.5446390350150271
  0.0 ,  0.8338858220671681 ,  -0.5519369853120581
  0.0 ,  0.8290375725550416 ,  -0.5591929034707469
  0.0 ,  0.8241261886220157 ,  -0.5664062369248328
  0.0 ,  0.8191520442889918 ,  -0.573576436351046
  0.0 ,  0.8141155183563192 ,  -0.5807029557109398
  0.0 ,  0.8090169943749475 ,  -0.5877852522924731
  0.0 ,  0.8038568606172174 ,  -0.5948227867513413
  0.0 ,  0.7986355100472928 ,  -0.6018150231520483
/


