 &file_input_ray_init_list
  n_rays_in= 11,
  rvec_in = 0.0, -0.1, 3.3,
  0.0, -0.1, 3.3,
  0.0, -0.1, 3.3,
  0.0, -0.1, 3.3,
  0.0, -0.1, 3.3,
  0.0, -0.1, 3.3,
  0.0, -0.1, 3.3,
  0.0, -0.1, 3.3,
  0.0, -0.1, 3.3,
  0.0, -0.1, 3.3,
  0.0, -0.1, 3.3,
  rindex_vec_in =
  0.0 ,  0.8870108331782217 ,  -0.4617486132350339
  0.0 ,  0.882947592858927 ,  -0.4694715627858908
  0.0 ,  0.8788171126619654 ,  -0.47715876025960846
  0.0 ,  0.8746197071393957 ,  -0.48480962024633706
  0.0 ,  0.8703556959398997 ,  -0.49242356010346716
  0.0 ,  0.8660254037844387 ,  -0.49999999999999994
  0.0 ,  0.8616291604415258 ,  -0.5075383629607041
  0.0 ,  0.8571673007021123 ,  -0.5150380749100542
  0.0 ,  0.8526401643540923 ,  -0.5224985647159488
  0.0 ,  0.848048096156426 ,  -0.5299192642332049
  0.0 ,  0.8433914458128857 ,  -0.5372996083468239
/



