 &file_input_ray_init_list
  n_rays_in= 11,
  rvec_in = 0.0, -0.1, 3.3,
  0.0, -0.1, 3.3,
  0.0, -0.1, 3.3,
  0.0, -0.1, 3.3,
  0.0, -0.1, 3.3,
  0.0, -0.1, 3.3,
  0.0, -0.1, 3.3,
  0.0, -0.1, 3.3,
  0.0, -0.1, 3.3,
  0.0, -0.1, 3.3,
  0.0, -0.1, 3.3,
  rindex_vec_in =
  -0.043619387365336 ,  0.8229710346169681 ,  -0.5664062369248328
  -0.03489949670250097 ,  0.8233869077794244 ,  -0.5664062369248328
  -0.026176948307873153 ,  0.8237103508818723 ,  -0.5664062369248328
  -0.01745240643728351 ,  0.8239413742992872 ,  -0.5664062369248328
  -0.008726535498373935 ,  0.8240799854084832 ,  -0.5664062369248328
  0.0 ,  0.8241261886220157 ,  -0.5664062369248328
  0.008726535498373935 ,  0.8240799854084832 ,  -0.5664062369248328
  0.01745240643728351 ,  0.8239413742992872 ,  -0.5664062369248328
  0.026176948307873153 ,  0.8237103508818723 ,  -0.5664062369248328
  0.03489949670250097 ,  0.8233869077794244 ,  -0.5664062369248328
  0.043619387365336 ,  0.8229710346169681 ,  -0.5664062369248328
/


